# Created by Octave 4.2.1, Wed Mar 14 17:11:54 2018 CET <tuleu@firefly>
# name: all_data
# type: scalar struct
# ndims: 2
 1 1
# length: 6
# name: power
# type: matrix
# rows: 7
# columns: 6
 0.2017245147673428 0.420546947972944 1.042966913088123 3.268997588088724 11.52392231261449 9.706610300671167
 0.1928233825915639 0.3820397338886542 0.8096054234180741 1.508269033763689 1.913834881827627 2.385008790671204
 0.1884276637074202 0.3629950875374285 0.7089011948311479 1.149418534228969 1.361668442212183 1.619418057144135
 0.1817315988107659 0.3346103640283193 0.5873830378512936 0.843617046931734 0.9735014081437399 1.18640341010535
 0.1571519340517721 0.2479180227189989 0.3489738292692485 0.4782272539692204 0.6073617171964594 0.8517430313382223
 0.1166261393122268 0.1550169309889336 0.210964396909038 0.3652546598640945 0.5153790730902844 0.778330374879879
 0.09435723993311346 0.1199683785953996 0.1800551696430925 0.3467619140974207 0.5012243307800738 0.767394742160379


# name: power_max
# type: matrix
# rows: 7
# columns: 6
 1.214844027883 2.546361453932 6.409848373206 21.257665437417 643.5301556846611 413.665138416122
 1.214844026451 2.546181652825 6.234363048578 12.931493154601 15.70170935731 17.180705586013
 1.214842909989 2.542006219039 5.763457578559 9.109599012236 9.556581312255 9.285817200026001
 1.214719174864 2.504337483032 4.814370141768 5.758923414467 5.496877787341 5.17747962031
 1.187058627159 2.000133933599 2.322398643178 2.001275043641 1.947858098725 2.080620629477
 0.931687559769 1.041085249038 0.883544001773 0.8817985607860001 0.999980826111 1.253694366315
 0.707808916012 0.665371495257 0.574201861771 0.669232080151 0.8122194501010001 1.079358465602


# name: i_max
# type: matrix
# rows: 7
# columns: 6
 1.558745667441 1.595732262609 1.7030513437 2.115490011043 8.414435067815001 6.431680483483
 1.558745666522 1.595675923496 1.679576957157 1.649975639667 1.518447955459 1.310751905816
 1.558744950265 1.594367027707 1.614899178529 1.384850287347 1.184616353459 0.963629451606
 1.558665566992 1.582509868226 1.475956648398 1.101092607078 0.898430495347 0.719547053382
 1.540817073607 1.414260914258 1.025114195863 0.649092490959 0.534816874628 0.456138205972
 1.365054987734 1.020335851099 0.632292389611 0.430861697382 0.383197158877 0.354075467424
 1.189797391166 0.8157030680689999 0.509725266154 0.375354451475 0.345352923425 0.328535913654


# name: i_min
# type: matrix
# rows: 7
# columns: 6
 0 0 0 0 -9.720998931078 -5.69601132491
 0 0 5.3e-11 2.2041073e-05 0.000608003557 0.006382376888
 0 0 9.1043e-08 0.000595355318 0.005326538372 0.024325624618
 0 1.9e-11 1.7582938e-05 0.005670925864 0.022802710227 0.058990185792
 1.87e-10 1.5999801e-05 0.005961649864 0.059268936289 0.100755640978 0.146375299389
 3.1999117e-05 0.004968268918 0.056902420093 0.140571386296 0.175449005509 0.2080000447
 0.000754094745 0.020591407414 0.096520633262 0.173080555038 0.201269503007 0.227458627911


# name: v_max
# type: matrix
# rows: 7
# columns: 6
 36 36 36 36 102.200002720638 92.96011324909701
 36 36 35.999999999884 35.999895304902 35.995859495774 35.936176231125
 36 36 35.999999798796 35.99717206224 35.963726273688 35.756743753819
 36 35.999999999981 35.999961141707 35.973063102148 35.844713543352 35.410098142078
 35.999999999906 35.999984000199 35.9868247538 35.718472552628 35.313854084941 34.536247006111
 35.999984000442 35.995031731082 35.874245651594 35.332285915096 34.805192272482 33.919999553001
 35.999622952628 35.979408592586 35.786689400491 35.177867363569 34.629354684524 33.725413720891


# name: v_min
# type: matrix
# rows: 7
# columns: 6
 35.220627166279 34.404267737391 32.236256530423 25.951422447544 -21.30230281182 -28.316804834827
 35.220627166739 34.404324076504 32.288134924683 28.162615711581 25.659369423324 22.892480941836
 35.220627524867 34.405632972293 32.431072815451 29.421961135101 27.932762632942 26.363705483939
 35.220667216504 34.417490131774 32.738135807041 30.76981011638 29.881688326687 28.804529466178
 35.229591463197 34.585739085742 33.734497627143 32.916810667946 32.357897083783 31.438617940277
 35.317472506133 34.979664148901 34.602633818959 33.953406937437 33.390427348047 32.459245325761
 35.405101304417 35.184296931931 34.873507161801 34.217066355492 33.648146591475 32.714640863464




