(kicad_pcb (version 20171130) (host pcbnew 5.0.0+dfsg1-2~bpo9+1)

  (general
    (thickness 1.6)
    (drawings 0)
    (tracks 101)
    (zones 0)
    (modules 11)
    (nets 6)
  )

  (page A4)
  (layers
    (0 F.Cu signal)
    (31 B.Cu signal)
    (32 B.Adhes user)
    (33 F.Adhes user)
    (34 B.Paste user)
    (35 F.Paste user)
    (36 B.SilkS user)
    (37 F.SilkS user)
    (38 B.Mask user)
    (39 F.Mask user)
    (40 Dwgs.User user)
    (41 Cmts.User user)
    (42 Eco1.User user)
    (43 Eco2.User user)
    (44 Edge.Cuts user)
    (45 Margin user)
    (46 B.CrtYd user)
    (47 F.CrtYd user)
    (48 B.Fab user hide)
    (49 F.Fab user hide)
  )

  (setup
    (last_trace_width 0.3)
    (user_trace_width 0.3)
    (user_trace_width 0.5)
    (trace_clearance 0.195)
    (zone_clearance 0.3)
    (zone_45_only yes)
    (trace_min 0.2)
    (segment_width 0.2)
    (edge_width 0.1)
    (via_size 0.7)
    (via_drill 0.35)
    (via_min_size 0.4)
    (via_min_drill 0.3)
    (uvia_size 0.3)
    (uvia_drill 0.1)
    (uvias_allowed no)
    (uvia_min_size 0.2)
    (uvia_min_drill 0.1)
    (pcb_text_width 0.3)
    (pcb_text_size 1.5 1.5)
    (mod_edge_width 0.15)
    (mod_text_size 1 1)
    (mod_text_width 0.15)
    (pad_size 0.7 0.7)
    (pad_drill 0.35)
    (pad_to_mask_clearance 0)
    (aux_axis_origin 0 0)
    (visible_elements FFFFFF7F)
    (pcbplotparams
      (layerselection 0x00030_80000001)
      (usegerberextensions false)
      (usegerberattributes false)
      (usegerberadvancedattributes false)
      (creategerberjobfile false)
      (excludeedgelayer true)
      (linewidth 0.100000)
      (plotframeref false)
      (viasonmask false)
      (mode 1)
      (useauxorigin false)
      (hpglpennumber 1)
      (hpglpenspeed 20)
      (hpglpendiameter 15.000000)
      (psnegative false)
      (psa4output false)
      (plotreference true)
      (plotvalue true)
      (plotinvisibletext false)
      (padsonsilk false)
      (subtractmaskfromsilk false)
      (outputformat 1)
      (mirror false)
      (drillshape 1)
      (scaleselection 1)
      (outputdirectory ""))
  )

  (net 0 "")
  (net 1 /VIN_PROTECTED)
  (net 2 GND)
  (net 3 /5V_UNPROTECTED)
  (net 4 /SW)
  (net 5 /FB)

  (net_class Default "This is the default net class."
    (clearance 0.195)
    (trace_width 0.3)
    (via_dia 0.7)
    (via_drill 0.35)
    (uvia_dia 0.3)
    (uvia_drill 0.1)
    (add_net /FB)
  )

  (net_class Power ""
    (clearance 0.195)
    (trace_width 0.5)
    (via_dia 0.7)
    (via_drill 0.35)
    (uvia_dia 0.3)
    (uvia_drill 0.1)
    (add_net /5V_UNPROTECTED)
    (add_net /SW)
    (add_net /VIN_PROTECTED)
    (add_net GND)
  )

  (module Capacitor_SMD:C_1206_3216Metric (layer F.Cu) (tedit 5B301BBE) (tstamp 5BB352E3)
    (at 153 100 90)
    (descr "Capacitor SMD 1206 (3216 Metric), square (rectangular) end terminal, IPC_7351 nominal, (Body size source: http://www.tortai-tech.com/upload/download/2011102023233369053.pdf), generated with kicad-footprint-generator")
    (tags capacitor)
    (path /5BA11196)
    (attr smd)
    (fp_text reference C13 (at -3.1 -0.3 180) (layer F.SilkS)
      (effects (font (size 1 1) (thickness 0.15)))
    )
    (fp_text value "22uF, 35V" (at 0 1.82 90) (layer F.Fab)
      (effects (font (size 1 1) (thickness 0.15)))
    )
    (fp_line (start -1.6 0.8) (end -1.6 -0.8) (layer F.Fab) (width 0.1))
    (fp_line (start -1.6 -0.8) (end 1.6 -0.8) (layer F.Fab) (width 0.1))
    (fp_line (start 1.6 -0.8) (end 1.6 0.8) (layer F.Fab) (width 0.1))
    (fp_line (start 1.6 0.8) (end -1.6 0.8) (layer F.Fab) (width 0.1))
    (fp_line (start -0.602064 -0.91) (end 0.602064 -0.91) (layer F.SilkS) (width 0.12))
    (fp_line (start -0.602064 0.91) (end 0.602064 0.91) (layer F.SilkS) (width 0.12))
    (fp_line (start -2.28 1.12) (end -2.28 -1.12) (layer F.CrtYd) (width 0.05))
    (fp_line (start -2.28 -1.12) (end 2.28 -1.12) (layer F.CrtYd) (width 0.05))
    (fp_line (start 2.28 -1.12) (end 2.28 1.12) (layer F.CrtYd) (width 0.05))
    (fp_line (start 2.28 1.12) (end -2.28 1.12) (layer F.CrtYd) (width 0.05))
    (fp_text user %R (at 0 0 90) (layer F.Fab)
      (effects (font (size 0.8 0.8) (thickness 0.12)))
    )
    (pad 1 smd roundrect (at -1.4 0 90) (size 1.25 1.75) (layers F.Cu F.Paste F.Mask) (roundrect_rratio 0.2)
      (net 1 /VIN_PROTECTED))
    (pad 2 smd roundrect (at 1.4 0 90) (size 1.25 1.75) (layers F.Cu F.Paste F.Mask) (roundrect_rratio 0.2)
      (net 2 GND))
    (model ${KISYS3DMOD}/Capacitor_SMD.3dshapes/C_1206_3216Metric.wrl
      (at (xyz 0 0 0))
      (scale (xyz 1 1 1))
      (rotate (xyz 0 0 0))
    )
  )

  (module Capacitor_Tantalum_SMD:CP_EIA-7343-31_Kemet-D (layer F.Cu) (tedit 5B301BBE) (tstamp 5BB352F3)
    (at 133.2 103.2 180)
    (descr "Tantalum Capacitor SMD Kemet-D (7343-31 Metric), IPC_7351 nominal, (Body size from: http://www.kemet.com/Lists/ProductCatalog/Attachments/253/KEM_TC101_STD.pdf), generated with kicad-footprint-generator")
    (tags "capacitor tantalum")
    (path /5BA110CE)
    (attr smd)
    (fp_text reference C14 (at -3 -3.1 180) (layer F.SilkS)
      (effects (font (size 1 1) (thickness 0.15)))
    )
    (fp_text value "470u, 6.3V" (at 0 3.1 180) (layer F.Fab)
      (effects (font (size 1 1) (thickness 0.15)))
    )
    (fp_line (start 3.65 -2.15) (end -2.65 -2.15) (layer F.Fab) (width 0.1))
    (fp_line (start -2.65 -2.15) (end -3.65 -1.15) (layer F.Fab) (width 0.1))
    (fp_line (start -3.65 -1.15) (end -3.65 2.15) (layer F.Fab) (width 0.1))
    (fp_line (start -3.65 2.15) (end 3.65 2.15) (layer F.Fab) (width 0.1))
    (fp_line (start 3.65 2.15) (end 3.65 -2.15) (layer F.Fab) (width 0.1))
    (fp_line (start 3.65 -2.26) (end -4.41 -2.26) (layer F.SilkS) (width 0.12))
    (fp_line (start -4.41 -2.26) (end -4.41 2.26) (layer F.SilkS) (width 0.12))
    (fp_line (start -4.41 2.26) (end 3.65 2.26) (layer F.SilkS) (width 0.12))
    (fp_line (start -4.4 2.4) (end -4.4 -2.4) (layer F.CrtYd) (width 0.05))
    (fp_line (start -4.4 -2.4) (end 4.4 -2.4) (layer F.CrtYd) (width 0.05))
    (fp_line (start 4.4 -2.4) (end 4.4 2.4) (layer F.CrtYd) (width 0.05))
    (fp_line (start 4.4 2.4) (end -4.4 2.4) (layer F.CrtYd) (width 0.05))
    (fp_text user %R (at 0 0 180) (layer F.Fab)
      (effects (font (size 1 1) (thickness 0.15)))
    )
    (pad 1 smd roundrect (at -3.1125 0 180) (size 2.075 2.55) (layers F.Cu F.Paste F.Mask) (roundrect_rratio 0.120482)
      (net 3 /5V_UNPROTECTED))
    (pad 2 smd roundrect (at 3.1125 0 180) (size 2.075 2.55) (layers F.Cu F.Paste F.Mask) (roundrect_rratio 0.120482)
      (net 2 GND))
    (model ${KISYS3DMOD}/Capacitor_Tantalum_SMD.3dshapes/CP_EIA-7343-31_Kemet-D.wrl
      (at (xyz 0 0 0))
      (scale (xyz 1 1 1))
      (rotate (xyz 0 0 0))
    )
  )

  (module Capacitor_SMD:C_0603_1608Metric (layer F.Cu) (tedit 5B301BBE) (tstamp 5BB35305)
    (at 133.2 98.5 180)
    (descr "Capacitor SMD 0603 (1608 Metric), square (rectangular) end terminal, IPC_7351 nominal, (Body size source: http://www.tortai-tech.com/upload/download/2011102023233369053.pdf), generated with kicad-footprint-generator")
    (tags capacitor)
    (path /5BA11119)
    (attr smd)
    (fp_text reference C15 (at 3 0 180) (layer F.SilkS)
      (effects (font (size 1 1) (thickness 0.15)))
    )
    (fp_text value "4u7, 6.3V" (at 0 1.43 180) (layer F.Fab)
      (effects (font (size 1 1) (thickness 0.15)))
    )
    (fp_line (start -0.8 0.4) (end -0.8 -0.4) (layer F.Fab) (width 0.1))
    (fp_line (start -0.8 -0.4) (end 0.8 -0.4) (layer F.Fab) (width 0.1))
    (fp_line (start 0.8 -0.4) (end 0.8 0.4) (layer F.Fab) (width 0.1))
    (fp_line (start 0.8 0.4) (end -0.8 0.4) (layer F.Fab) (width 0.1))
    (fp_line (start -0.162779 -0.51) (end 0.162779 -0.51) (layer F.SilkS) (width 0.12))
    (fp_line (start -0.162779 0.51) (end 0.162779 0.51) (layer F.SilkS) (width 0.12))
    (fp_line (start -1.48 0.73) (end -1.48 -0.73) (layer F.CrtYd) (width 0.05))
    (fp_line (start -1.48 -0.73) (end 1.48 -0.73) (layer F.CrtYd) (width 0.05))
    (fp_line (start 1.48 -0.73) (end 1.48 0.73) (layer F.CrtYd) (width 0.05))
    (fp_line (start 1.48 0.73) (end -1.48 0.73) (layer F.CrtYd) (width 0.05))
    (fp_text user %R (at 0 0 180) (layer F.Fab)
      (effects (font (size 0.4 0.4) (thickness 0.06)))
    )
    (pad 1 smd roundrect (at -0.7875 0 180) (size 0.875 0.95) (layers F.Cu F.Paste F.Mask) (roundrect_rratio 0.25)
      (net 3 /5V_UNPROTECTED))
    (pad 2 smd roundrect (at 0.7875 0 180) (size 0.875 0.95) (layers F.Cu F.Paste F.Mask) (roundrect_rratio 0.25)
      (net 2 GND))
    (model ${KISYS3DMOD}/Capacitor_SMD.3dshapes/C_0603_1608Metric.wrl
      (at (xyz 0 0 0))
      (scale (xyz 1 1 1))
      (rotate (xyz 0 0 0))
    )
  )

  (module Capacitor_SMD:C_0603_1608Metric (layer F.Cu) (tedit 5B301BBE) (tstamp 5BB37D62)
    (at 133.2 100 180)
    (descr "Capacitor SMD 0603 (1608 Metric), square (rectangular) end terminal, IPC_7351 nominal, (Body size source: http://www.tortai-tech.com/upload/download/2011102023233369053.pdf), generated with kicad-footprint-generator")
    (tags capacitor)
    (path /5BA11162)
    (attr smd)
    (fp_text reference C16 (at 2.9 0 180) (layer F.SilkS)
      (effects (font (size 1 1) (thickness 0.15)))
    )
    (fp_text value 100n (at 0 1.43 180) (layer F.Fab)
      (effects (font (size 1 1) (thickness 0.15)))
    )
    (fp_text user %R (at 0 0 180) (layer F.Fab)
      (effects (font (size 0.4 0.4) (thickness 0.06)))
    )
    (fp_line (start 1.48 0.73) (end -1.48 0.73) (layer F.CrtYd) (width 0.05))
    (fp_line (start 1.48 -0.73) (end 1.48 0.73) (layer F.CrtYd) (width 0.05))
    (fp_line (start -1.48 -0.73) (end 1.48 -0.73) (layer F.CrtYd) (width 0.05))
    (fp_line (start -1.48 0.73) (end -1.48 -0.73) (layer F.CrtYd) (width 0.05))
    (fp_line (start -0.162779 0.51) (end 0.162779 0.51) (layer F.SilkS) (width 0.12))
    (fp_line (start -0.162779 -0.51) (end 0.162779 -0.51) (layer F.SilkS) (width 0.12))
    (fp_line (start 0.8 0.4) (end -0.8 0.4) (layer F.Fab) (width 0.1))
    (fp_line (start 0.8 -0.4) (end 0.8 0.4) (layer F.Fab) (width 0.1))
    (fp_line (start -0.8 -0.4) (end 0.8 -0.4) (layer F.Fab) (width 0.1))
    (fp_line (start -0.8 0.4) (end -0.8 -0.4) (layer F.Fab) (width 0.1))
    (pad 2 smd roundrect (at 0.7875 0 180) (size 0.875 0.95) (layers F.Cu F.Paste F.Mask) (roundrect_rratio 0.25)
      (net 2 GND))
    (pad 1 smd roundrect (at -0.7875 0 180) (size 0.875 0.95) (layers F.Cu F.Paste F.Mask) (roundrect_rratio 0.25)
      (net 3 /5V_UNPROTECTED))
    (model ${KISYS3DMOD}/Capacitor_SMD.3dshapes/C_0603_1608Metric.wrl
      (at (xyz 0 0 0))
      (scale (xyz 1 1 1))
      (rotate (xyz 0 0 0))
    )
  )

  (module Diode_SMD:D_SMB (layer F.Cu) (tedit 58645DF3) (tstamp 5BB35325)
    (at 140.6 97 180)
    (descr "Diode SMB (DO-214AA)")
    (tags "Diode SMB (DO-214AA)")
    (path /5BA10E06)
    (attr smd)
    (fp_text reference D5 (at -2.7 2.9 180) (layer F.SilkS)
      (effects (font (size 1 1) (thickness 0.15)))
    )
    (fp_text value "B260, 60V, 2A" (at 0 3.1 180) (layer F.Fab)
      (effects (font (size 1 1) (thickness 0.15)))
    )
    (fp_text user %R (at 0 -3 180) (layer F.Fab)
      (effects (font (size 1 1) (thickness 0.15)))
    )
    (fp_line (start -3.55 -2.15) (end -3.55 2.15) (layer F.SilkS) (width 0.12))
    (fp_line (start 2.3 2) (end -2.3 2) (layer F.Fab) (width 0.1))
    (fp_line (start -2.3 2) (end -2.3 -2) (layer F.Fab) (width 0.1))
    (fp_line (start 2.3 -2) (end 2.3 2) (layer F.Fab) (width 0.1))
    (fp_line (start 2.3 -2) (end -2.3 -2) (layer F.Fab) (width 0.1))
    (fp_line (start -3.65 -2.25) (end 3.65 -2.25) (layer F.CrtYd) (width 0.05))
    (fp_line (start 3.65 -2.25) (end 3.65 2.25) (layer F.CrtYd) (width 0.05))
    (fp_line (start 3.65 2.25) (end -3.65 2.25) (layer F.CrtYd) (width 0.05))
    (fp_line (start -3.65 2.25) (end -3.65 -2.25) (layer F.CrtYd) (width 0.05))
    (fp_line (start -0.64944 0.00102) (end -1.55114 0.00102) (layer F.Fab) (width 0.1))
    (fp_line (start 0.50118 0.00102) (end 1.4994 0.00102) (layer F.Fab) (width 0.1))
    (fp_line (start -0.64944 -0.79908) (end -0.64944 0.80112) (layer F.Fab) (width 0.1))
    (fp_line (start 0.50118 0.75032) (end 0.50118 -0.79908) (layer F.Fab) (width 0.1))
    (fp_line (start -0.64944 0.00102) (end 0.50118 0.75032) (layer F.Fab) (width 0.1))
    (fp_line (start -0.64944 0.00102) (end 0.50118 -0.79908) (layer F.Fab) (width 0.1))
    (fp_line (start -3.55 2.15) (end 2.15 2.15) (layer F.SilkS) (width 0.12))
    (fp_line (start -3.55 -2.15) (end 2.15 -2.15) (layer F.SilkS) (width 0.12))
    (pad 1 smd rect (at -2.15 0 180) (size 2.5 2.3) (layers F.Cu F.Paste F.Mask)
      (net 4 /SW))
    (pad 2 smd rect (at 2.15 0 180) (size 2.5 2.3) (layers F.Cu F.Paste F.Mask)
      (net 2 GND))
    (model ${KISYS3DMOD}/Diode_SMD.3dshapes/D_SMB.wrl
      (at (xyz 0 0 0))
      (scale (xyz 1 1 1))
      (rotate (xyz 0 0 0))
    )
  )

  (module Resistor_SMD:R_0603_1608Metric (layer F.Cu) (tedit 5B301BBD) (tstamp 5BB3533C)
    (at 155 100.75 90)
    (descr "Resistor SMD 0603 (1608 Metric), square (rectangular) end terminal, IPC_7351 nominal, (Body size source: http://www.tortai-tech.com/upload/download/2011102023233369053.pdf), generated with kicad-footprint-generator")
    (tags resistor)
    (path /5BA2521F)
    (attr smd)
    (fp_text reference L1 (at -2.35 0 180) (layer F.SilkS)
      (effects (font (size 1 1) (thickness 0.15)))
    )
    (fp_text value "500mA Fuse" (at 0 1.43 90) (layer F.Fab)
      (effects (font (size 1 1) (thickness 0.15)))
    )
    (fp_text user %R (at 0 0 90) (layer F.Fab)
      (effects (font (size 0.4 0.4) (thickness 0.06)))
    )
    (fp_line (start 1.48 0.73) (end -1.48 0.73) (layer F.CrtYd) (width 0.05))
    (fp_line (start 1.48 -0.73) (end 1.48 0.73) (layer F.CrtYd) (width 0.05))
    (fp_line (start -1.48 -0.73) (end 1.48 -0.73) (layer F.CrtYd) (width 0.05))
    (fp_line (start -1.48 0.73) (end -1.48 -0.73) (layer F.CrtYd) (width 0.05))
    (fp_line (start -0.162779 0.51) (end 0.162779 0.51) (layer F.SilkS) (width 0.12))
    (fp_line (start -0.162779 -0.51) (end 0.162779 -0.51) (layer F.SilkS) (width 0.12))
    (fp_line (start 0.8 0.4) (end -0.8 0.4) (layer F.Fab) (width 0.1))
    (fp_line (start 0.8 -0.4) (end 0.8 0.4) (layer F.Fab) (width 0.1))
    (fp_line (start -0.8 -0.4) (end 0.8 -0.4) (layer F.Fab) (width 0.1))
    (fp_line (start -0.8 0.4) (end -0.8 -0.4) (layer F.Fab) (width 0.1))
    (pad 2 smd roundrect (at 0.7875 0 90) (size 0.875 0.95) (layers F.Cu F.Paste F.Mask) (roundrect_rratio 0.25))
    (pad 1 smd roundrect (at -0.7875 0 90) (size 0.875 0.95) (layers F.Cu F.Paste F.Mask) (roundrect_rratio 0.25)
      (net 1 /VIN_PROTECTED))
    (model ${KISYS3DMOD}/Resistor_SMD.3dshapes/R_0603_1608Metric.wrl
      (at (xyz 0 0 0))
      (scale (xyz 1 1 1))
      (rotate (xyz 0 0 0))
    )
  )

  (module Inductor_SMD:L_Wuerth_WE-PD2-Typ-MS (layer F.Cu) (tedit 5990349D) (tstamp 5BB3534C)
    (at 141.2 102.6 270)
    (descr "Choke, Drossel, WE-PD2, Typ MS, Wuerth, SMD,")
    (tags "Choke Drossel WE-PD2 TypMS Wuerth SMD ")
    (path /5BA10FBE)
    (attr smd)
    (fp_text reference L2 (at -2.6 3.8) (layer F.SilkS)
      (effects (font (size 1 1) (thickness 0.15)))
    )
    (fp_text value "68uH, 560mA" (at 0 4 270) (layer F.Fab)
      (effects (font (size 1 1) (thickness 0.15)))
    )
    (fp_text user %R (at 0 0 270) (layer F.Fab)
      (effects (font (size 1 1) (thickness 0.15)))
    )
    (fp_line (start -2.2 -2.6) (end 2.2 -2.6) (layer F.Fab) (width 0.1))
    (fp_line (start 2.2 2.6) (end -2.2 2.6) (layer F.Fab) (width 0.1))
    (fp_line (start 3.25 -3) (end 3.25 3) (layer F.CrtYd) (width 0.05))
    (fp_line (start 3.25 3) (end -3.25 3) (layer F.CrtYd) (width 0.05))
    (fp_line (start -3.25 3) (end -3.25 -3) (layer F.CrtYd) (width 0.05))
    (fp_line (start -3.25 -3) (end 3.25 -3) (layer F.CrtYd) (width 0.05))
    (fp_line (start -0.4 2.8) (end 0.4 2.8) (layer F.SilkS) (width 0.12))
    (fp_line (start -0.4 -2.8) (end 0.4 -2.8) (layer F.SilkS) (width 0.12))
    (fp_arc (start -2.9 0) (end 2.3 -2.5) (angle 52) (layer F.Fab) (width 0.1))
    (fp_arc (start 2.9 0) (end -2.3 2.5) (angle 52) (layer F.Fab) (width 0.1))
    (pad 1 smd rect (at -1.93 0 270) (size 2.15 5.5) (layers F.Cu F.Paste F.Mask)
      (net 4 /SW))
    (pad 2 smd rect (at 1.93 0 270) (size 2.15 5.5) (layers F.Cu F.Paste F.Mask)
      (net 3 /5V_UNPROTECTED))
    (model ${KISYS3DMOD}/Inductor_SMD.3dshapes/L_Wuerth_WE-PD2-Typ-MS.wrl
      (at (xyz 0 0 0))
      (scale (xyz 1 1 1))
      (rotate (xyz 0 0 0))
    )
  )

  (module Resistor_SMD:R_0603_1608Metric (layer F.Cu) (tedit 5B301BBD) (tstamp 5BB3535C)
    (at 133.2 97)
    (descr "Resistor SMD 0603 (1608 Metric), square (rectangular) end terminal, IPC_7351 nominal, (Body size source: http://www.tortai-tech.com/upload/download/2011102023233369053.pdf), generated with kicad-footprint-generator")
    (tags resistor)
    (path /5BA24C16)
    (attr smd)
    (fp_text reference L3 (at -2.4 0) (layer F.SilkS)
      (effects (font (size 1 1) (thickness 0.15)))
    )
    (fp_text value "500mA Fuse" (at 0 1.43) (layer F.Fab)
      (effects (font (size 1 1) (thickness 0.15)))
    )
    (fp_line (start -0.8 0.4) (end -0.8 -0.4) (layer F.Fab) (width 0.1))
    (fp_line (start -0.8 -0.4) (end 0.8 -0.4) (layer F.Fab) (width 0.1))
    (fp_line (start 0.8 -0.4) (end 0.8 0.4) (layer F.Fab) (width 0.1))
    (fp_line (start 0.8 0.4) (end -0.8 0.4) (layer F.Fab) (width 0.1))
    (fp_line (start -0.162779 -0.51) (end 0.162779 -0.51) (layer F.SilkS) (width 0.12))
    (fp_line (start -0.162779 0.51) (end 0.162779 0.51) (layer F.SilkS) (width 0.12))
    (fp_line (start -1.48 0.73) (end -1.48 -0.73) (layer F.CrtYd) (width 0.05))
    (fp_line (start -1.48 -0.73) (end 1.48 -0.73) (layer F.CrtYd) (width 0.05))
    (fp_line (start 1.48 -0.73) (end 1.48 0.73) (layer F.CrtYd) (width 0.05))
    (fp_line (start 1.48 0.73) (end -1.48 0.73) (layer F.CrtYd) (width 0.05))
    (fp_text user %R (at 0 0) (layer F.Fab)
      (effects (font (size 0.4 0.4) (thickness 0.06)))
    )
    (pad 1 smd roundrect (at -0.7875 0) (size 0.875 0.95) (layers F.Cu F.Paste F.Mask) (roundrect_rratio 0.25))
    (pad 2 smd roundrect (at 0.7875 0) (size 0.875 0.95) (layers F.Cu F.Paste F.Mask) (roundrect_rratio 0.25)
      (net 3 /5V_UNPROTECTED))
    (model ${KISYS3DMOD}/Resistor_SMD.3dshapes/R_0603_1608Metric.wrl
      (at (xyz 0 0 0))
      (scale (xyz 1 1 1))
      (rotate (xyz 0 0 0))
    )
  )

  (module Resistor_SMD:R_0603_1608Metric (layer F.Cu) (tedit 5B301BBD) (tstamp 5BB3536C)
    (at 145.8 104.8)
    (descr "Resistor SMD 0603 (1608 Metric), square (rectangular) end terminal, IPC_7351 nominal, (Body size source: http://www.tortai-tech.com/upload/download/2011102023233369053.pdf), generated with kicad-footprint-generator")
    (tags resistor)
    (path /5BA11005)
    (attr smd)
    (fp_text reference R6 (at 0 -1.43) (layer F.SilkS)
      (effects (font (size 1 1) (thickness 0.15)))
    )
    (fp_text value 15k (at 0 1.43) (layer F.Fab)
      (effects (font (size 1 1) (thickness 0.15)))
    )
    (fp_line (start -0.8 0.4) (end -0.8 -0.4) (layer F.Fab) (width 0.1))
    (fp_line (start -0.8 -0.4) (end 0.8 -0.4) (layer F.Fab) (width 0.1))
    (fp_line (start 0.8 -0.4) (end 0.8 0.4) (layer F.Fab) (width 0.1))
    (fp_line (start 0.8 0.4) (end -0.8 0.4) (layer F.Fab) (width 0.1))
    (fp_line (start -0.162779 -0.51) (end 0.162779 -0.51) (layer F.SilkS) (width 0.12))
    (fp_line (start -0.162779 0.51) (end 0.162779 0.51) (layer F.SilkS) (width 0.12))
    (fp_line (start -1.48 0.73) (end -1.48 -0.73) (layer F.CrtYd) (width 0.05))
    (fp_line (start -1.48 -0.73) (end 1.48 -0.73) (layer F.CrtYd) (width 0.05))
    (fp_line (start 1.48 -0.73) (end 1.48 0.73) (layer F.CrtYd) (width 0.05))
    (fp_line (start 1.48 0.73) (end -1.48 0.73) (layer F.CrtYd) (width 0.05))
    (fp_text user %R (at 0 0) (layer F.Fab)
      (effects (font (size 0.4 0.4) (thickness 0.06)))
    )
    (pad 1 smd roundrect (at -0.7875 0) (size 0.875 0.95) (layers F.Cu F.Paste F.Mask) (roundrect_rratio 0.25)
      (net 3 /5V_UNPROTECTED))
    (pad 2 smd roundrect (at 0.7875 0) (size 0.875 0.95) (layers F.Cu F.Paste F.Mask) (roundrect_rratio 0.25)
      (net 5 /FB))
    (model ${KISYS3DMOD}/Resistor_SMD.3dshapes/R_0603_1608Metric.wrl
      (at (xyz 0 0 0))
      (scale (xyz 1 1 1))
      (rotate (xyz 0 0 0))
    )
  )

  (module Resistor_SMD:R_0603_1608Metric (layer F.Cu) (tedit 5B301BBD) (tstamp 5BB3537C)
    (at 148.8 104.8)
    (descr "Resistor SMD 0603 (1608 Metric), square (rectangular) end terminal, IPC_7351 nominal, (Body size source: http://www.tortai-tech.com/upload/download/2011102023233369053.pdf), generated with kicad-footprint-generator")
    (tags resistor)
    (path /5BA1109C)
    (attr smd)
    (fp_text reference R7 (at 0 -1.43) (layer F.SilkS)
      (effects (font (size 1 1) (thickness 0.15)))
    )
    (fp_text value 4k7 (at 0 1.43) (layer F.Fab)
      (effects (font (size 1 1) (thickness 0.15)))
    )
    (fp_text user %R (at 0 0) (layer F.Fab)
      (effects (font (size 0.4 0.4) (thickness 0.06)))
    )
    (fp_line (start 1.48 0.73) (end -1.48 0.73) (layer F.CrtYd) (width 0.05))
    (fp_line (start 1.48 -0.73) (end 1.48 0.73) (layer F.CrtYd) (width 0.05))
    (fp_line (start -1.48 -0.73) (end 1.48 -0.73) (layer F.CrtYd) (width 0.05))
    (fp_line (start -1.48 0.73) (end -1.48 -0.73) (layer F.CrtYd) (width 0.05))
    (fp_line (start -0.162779 0.51) (end 0.162779 0.51) (layer F.SilkS) (width 0.12))
    (fp_line (start -0.162779 -0.51) (end 0.162779 -0.51) (layer F.SilkS) (width 0.12))
    (fp_line (start 0.8 0.4) (end -0.8 0.4) (layer F.Fab) (width 0.1))
    (fp_line (start 0.8 -0.4) (end 0.8 0.4) (layer F.Fab) (width 0.1))
    (fp_line (start -0.8 -0.4) (end 0.8 -0.4) (layer F.Fab) (width 0.1))
    (fp_line (start -0.8 0.4) (end -0.8 -0.4) (layer F.Fab) (width 0.1))
    (pad 2 smd roundrect (at 0.7875 0) (size 0.875 0.95) (layers F.Cu F.Paste F.Mask) (roundrect_rratio 0.25)
      (net 2 GND))
    (pad 1 smd roundrect (at -0.7875 0) (size 0.875 0.95) (layers F.Cu F.Paste F.Mask) (roundrect_rratio 0.25)
      (net 5 /FB))
    (model ${KISYS3DMOD}/Resistor_SMD.3dshapes/R_0603_1608Metric.wrl
      (at (xyz 0 0 0))
      (scale (xyz 1 1 1))
      (rotate (xyz 0 0 0))
    )
  )

  (module Package_SO:SOIC-8_3.9x4.9mm_P1.27mm (layer F.Cu) (tedit 5A02F2D3) (tstamp 5BB3538C)
    (at 148 100)
    (descr "8-Lead Plastic Small Outline (SN) - Narrow, 3.90 mm Body [SOIC] (see Microchip Packaging Specification 00000049BS.pdf)")
    (tags "SOIC 1.27")
    (path /5BA10D91)
    (attr smd)
    (fp_text reference U4 (at -2.5 -4) (layer F.SilkS)
      (effects (font (size 1 1) (thickness 0.15)))
    )
    (fp_text value MIC4680YM (at 0 3.5) (layer F.Fab)
      (effects (font (size 1 1) (thickness 0.15)))
    )
    (fp_text user %R (at 0 0) (layer F.Fab)
      (effects (font (size 1 1) (thickness 0.15)))
    )
    (fp_line (start -0.95 -2.45) (end 1.95 -2.45) (layer F.Fab) (width 0.1))
    (fp_line (start 1.95 -2.45) (end 1.95 2.45) (layer F.Fab) (width 0.1))
    (fp_line (start 1.95 2.45) (end -1.95 2.45) (layer F.Fab) (width 0.1))
    (fp_line (start -1.95 2.45) (end -1.95 -1.45) (layer F.Fab) (width 0.1))
    (fp_line (start -1.95 -1.45) (end -0.95 -2.45) (layer F.Fab) (width 0.1))
    (fp_line (start -3.73 -2.7) (end -3.73 2.7) (layer F.CrtYd) (width 0.05))
    (fp_line (start 3.73 -2.7) (end 3.73 2.7) (layer F.CrtYd) (width 0.05))
    (fp_line (start -3.73 -2.7) (end 3.73 -2.7) (layer F.CrtYd) (width 0.05))
    (fp_line (start -3.73 2.7) (end 3.73 2.7) (layer F.CrtYd) (width 0.05))
    (fp_line (start -2.075 -2.575) (end -2.075 -2.525) (layer F.SilkS) (width 0.15))
    (fp_line (start 2.075 -2.575) (end 2.075 -2.43) (layer F.SilkS) (width 0.15))
    (fp_line (start 2.075 2.575) (end 2.075 2.43) (layer F.SilkS) (width 0.15))
    (fp_line (start -2.075 2.575) (end -2.075 2.43) (layer F.SilkS) (width 0.15))
    (fp_line (start -2.075 -2.575) (end 2.075 -2.575) (layer F.SilkS) (width 0.15))
    (fp_line (start -2.075 2.575) (end 2.075 2.575) (layer F.SilkS) (width 0.15))
    (fp_line (start -2.075 -2.525) (end -3.475 -2.525) (layer F.SilkS) (width 0.15))
    (pad 1 smd rect (at -2.7 -1.905) (size 1.55 0.6) (layers F.Cu F.Paste F.Mask)
      (net 2 GND))
    (pad 2 smd rect (at -2.7 -0.635) (size 1.55 0.6) (layers F.Cu F.Paste F.Mask)
      (net 1 /VIN_PROTECTED))
    (pad 3 smd rect (at -2.7 0.635) (size 1.55 0.6) (layers F.Cu F.Paste F.Mask)
      (net 4 /SW))
    (pad 4 smd rect (at -2.7 1.905) (size 1.55 0.6) (layers F.Cu F.Paste F.Mask)
      (net 5 /FB))
    (pad 5 smd rect (at 2.7 1.905) (size 1.55 0.6) (layers F.Cu F.Paste F.Mask)
      (net 2 GND))
    (pad 6 smd rect (at 2.7 0.635) (size 1.55 0.6) (layers F.Cu F.Paste F.Mask)
      (net 2 GND))
    (pad 7 smd rect (at 2.7 -0.635) (size 1.55 0.6) (layers F.Cu F.Paste F.Mask)
      (net 2 GND))
    (pad 8 smd rect (at 2.7 -1.905) (size 1.55 0.6) (layers F.Cu F.Paste F.Mask)
      (net 2 GND))
    (model ${KISYS3DMOD}/Package_SO.3dshapes/SOIC-8_3.9x4.9mm_P1.27mm.wrl
      (at (xyz 0 0 0))
      (scale (xyz 1 1 1))
      (rotate (xyz 0 0 0))
    )
  )

  (segment (start 153.1375 101.5375) (end 153 101.4) (width 0.5) (layer F.Cu) (net 1))
  (segment (start 155 101.5375) (end 153.1375 101.5375) (width 0.5) (layer F.Cu) (net 1))
  (segment (start 152.30429 102.09571) (end 153 101.4) (width 0.5) (layer F.Cu) (net 1))
  (segment (start 151.749999 102.650001) (end 152.30429 102.09571) (width 0.5) (layer F.Cu) (net 1))
  (segment (start 149.060001 102.650001) (end 151.749999 102.650001) (width 0.5) (layer F.Cu) (net 1))
  (segment (start 145.775 99.365) (end 149.060001 102.650001) (width 0.5) (layer F.Cu) (net 1))
  (segment (start 145.3 99.365) (end 145.775 99.365) (width 0.5) (layer F.Cu) (net 1))
  (segment (start 145.6 96.8) (end 145.6 95.2) (width 0.5) (layer F.Cu) (net 2))
  (segment (start 147.2 96.8) (end 147.2 95.2) (width 0.5) (layer F.Cu) (net 2))
  (segment (start 148.8 96.8) (end 148.8 95.2) (width 0.5) (layer F.Cu) (net 2))
  (segment (start 150.7 98.095) (end 150.7 97.1) (width 0.5) (layer F.Cu) (net 2))
  (segment (start 150.7 97.1) (end 150.4 96.8) (width 0.5) (layer F.Cu) (net 2))
  (segment (start 150.4 96.8) (end 150.4 95.2) (width 0.5) (layer F.Cu) (net 2))
  (segment (start 152 96.8) (end 152 95.2) (width 0.5) (layer F.Cu) (net 2))
  (segment (start 153.6 95.2) (end 153.6 96.8) (width 0.5) (layer F.Cu) (net 2))
  (segment (start 152 95.2) (end 153.6 95.2) (width 0.5) (layer F.Cu) (net 2))
  (segment (start 150.4 95.2) (end 152 95.2) (width 0.5) (layer F.Cu) (net 2))
  (segment (start 148.8 95.2) (end 150.4 95.2) (width 0.5) (layer F.Cu) (net 2))
  (segment (start 147.2 95.2) (end 148.8 95.2) (width 0.5) (layer F.Cu) (net 2))
  (segment (start 145.6 95.2) (end 147.2 95.2) (width 0.5) (layer F.Cu) (net 2))
  (segment (start 144 95.2) (end 145.6 95.2) (width 0.5) (layer F.Cu) (net 2))
  (segment (start 142.4 95.2) (end 144 95.2) (width 0.5) (layer F.Cu) (net 2))
  (segment (start 140.8 95.2) (end 142.4 95.2) (width 0.5) (layer F.Cu) (net 2))
  (segment (start 138.45 97) (end 138.45 95.95) (width 0.5) (layer F.Cu) (net 2))
  (segment (start 138.45 95.95) (end 139.2 95.2) (width 0.5) (layer F.Cu) (net 2))
  (segment (start 139.2 95.2) (end 140.8 95.2) (width 0.5) (layer F.Cu) (net 2))
  (segment (start 137.6 95.2) (end 139.2 95.2) (width 0.5) (layer F.Cu) (net 2))
  (segment (start 136 95.2) (end 136 95.2) (width 0.5) (layer F.Cu) (net 2))
  (segment (start 136 96.8) (end 138.25 96.8) (width 0.5) (layer F.Cu) (net 2))
  (segment (start 138.25 96.8) (end 138.45 97) (width 0.5) (layer F.Cu) (net 2))
  (segment (start 136 100) (end 136 98.4) (width 0.5) (layer F.Cu) (net 2))
  (segment (start 136 96.8) (end 136 98.4) (width 0.5) (layer F.Cu) (net 2))
  (segment (start 136 95.2) (end 136 96.8) (width 0.5) (layer F.Cu) (net 2))
  (segment (start 138.55 97) (end 138.45 97) (width 0.5) (layer F.Cu) (net 2))
  (segment (start 130.025 103.2) (end 131.8 103.2) (width 0.5) (layer F.Cu) (net 2))
  (segment (start 131.8 103.2) (end 132.45 102.55) (width 0.5) (layer F.Cu) (net 2))
  (segment (start 132.45 102.55) (end 132.45 100.875) (width 0.5) (layer F.Cu) (net 2))
  (segment (start 132.45 100.875) (end 132.45 100) (width 0.5) (layer F.Cu) (net 2))
  (segment (start 138.45 97) (end 137.549999 96.099999) (width 0.5) (layer F.Cu) (net 2))
  (segment (start 145.3 98.095) (end 150.7 98.095) (width 0.5) (layer F.Cu) (net 2))
  (segment (start 150.7 99.365) (end 150.7 98.095) (width 0.5) (layer F.Cu) (net 2))
  (segment (start 150.7 100.635) (end 150.7 99.365) (width 0.5) (layer F.Cu) (net 2))
  (segment (start 150.7 101.905) (end 150.7 100.635) (width 0.5) (layer F.Cu) (net 2))
  (segment (start 136 95.2) (end 137.6 95.2) (width 0.5) (layer F.Cu) (net 2) (tstamp 5BB355B3))
  (via (at 136 96.8) (size 0.7) (drill 0.35) (layers F.Cu B.Cu) (net 2) (tstamp 5BB355B5))
  (via (at 136 98.4) (size 0.7) (drill 0.35) (layers F.Cu B.Cu) (net 2) (tstamp 5BB355B6))
  (via (at 136 100) (size 0.7) (drill 0.35) (layers F.Cu B.Cu) (net 2) (tstamp 5BB355B7))
  (via (at 137.6 95.2) (size 0.7) (drill 0.35) (layers F.Cu B.Cu) (net 2) (tstamp 5BB355B8))
  (via (at 139.2 95.2) (size 0.7) (drill 0.35) (layers F.Cu B.Cu) (net 2) (tstamp 5BB355B9))
  (via (at 140.8 95.2) (size 0.7) (drill 0.35) (layers F.Cu B.Cu) (net 2) (tstamp 5BB355BA))
  (via (at 142.4 95.2) (size 0.7) (drill 0.35) (layers F.Cu B.Cu) (net 2) (tstamp 5BB355BB))
  (via (at 144 95.2) (size 0.7) (drill 0.35) (layers F.Cu B.Cu) (net 2) (tstamp 5BB355BC))
  (via (at 145.6 95.2) (size 0.7) (drill 0.35) (layers F.Cu B.Cu) (net 2) (tstamp 5BB355BD))
  (via (at 147.2 95.2) (size 0.7) (drill 0.35) (layers F.Cu B.Cu) (net 2) (tstamp 5BB355BF))
  (via (at 148.8 95.2) (size 0.7) (drill 0.35) (layers F.Cu B.Cu) (net 2) (tstamp 5BB355C0))
  (via (at 150.4 95.2) (size 0.7) (drill 0.35) (layers F.Cu B.Cu) (net 2) (tstamp 5BB355C1))
  (via (at 152 95.2) (size 0.7) (drill 0.35) (layers F.Cu B.Cu) (net 2) (tstamp 5BB355C2))
  (via (at 153.6 95.2) (size 0.7) (drill 0.35) (layers F.Cu B.Cu) (net 2) (tstamp 5BB355C3))
  (via (at 145.6 96.8) (size 0.7) (drill 0.35) (layers F.Cu B.Cu) (net 2) (tstamp 5BB355C4))
  (via (at 147.2 96.8) (size 0.7) (drill 0.35) (layers F.Cu B.Cu) (net 2) (tstamp 5BB355C5))
  (via (at 148.8 96.8) (size 0.7) (drill 0.35) (layers F.Cu B.Cu) (net 2) (tstamp 5BB355C6))
  (via (at 150.4 96.8) (size 0.7) (drill 0.35) (layers F.Cu B.Cu) (net 2) (tstamp 5BB355C7))
  (via (at 152 96.8) (size 0.7) (drill 0.35) (layers F.Cu B.Cu) (net 2) (tstamp 5BB355C8))
  (via (at 153.6 96.8) (size 0.7) (drill 0.35) (layers F.Cu B.Cu) (net 2) (tstamp 5BB355C9))
  (segment (start 152.495 98.095) (end 153 98.6) (width 0.5) (layer F.Cu) (net 2))
  (segment (start 150.7 98.095) (end 152.495 98.095) (width 0.5) (layer F.Cu) (net 2))
  (segment (start 153.6 98) (end 153 98.6) (width 0.5) (layer F.Cu) (net 2))
  (segment (start 153.6 96.8) (end 153.6 98) (width 0.5) (layer F.Cu) (net 2))
  (segment (start 154.42999 100.75499) (end 153 99.325) (width 0.3) (layer F.Cu) (net 2))
  (segment (start 155.82001 101.08523) (end 155.48977 100.75499) (width 0.3) (layer F.Cu) (net 2))
  (segment (start 155.82001 101.98977) (end 155.82001 101.08523) (width 0.3) (layer F.Cu) (net 2))
  (segment (start 155.48977 100.75499) (end 154.42999 100.75499) (width 0.3) (layer F.Cu) (net 2))
  (segment (start 153.00978 104.8) (end 155.82001 101.98977) (width 0.3) (layer F.Cu) (net 2))
  (segment (start 153 99.325) (end 153 98.6) (width 0.3) (layer F.Cu) (net 2))
  (segment (start 149.5875 104.8) (end 153.00978 104.8) (width 0.3) (layer F.Cu) (net 2))
  (segment (start 132.4125 100) (end 132.4125 98.5) (width 0.5) (layer F.Cu) (net 2))
  (segment (start 134.51522 95.2) (end 136 95.2) (width 0.3) (layer F.Cu) (net 2))
  (segment (start 133.20499 96.51023) (end 134.51522 95.2) (width 0.3) (layer F.Cu) (net 2))
  (segment (start 133.20499 97.70751) (end 133.20499 96.51023) (width 0.3) (layer F.Cu) (net 2))
  (segment (start 132.4125 98.5) (end 133.20499 97.70751) (width 0.3) (layer F.Cu) (net 2))
  (segment (start 136 95.2) (end 136 95.2) (width 0.5) (layer F.Cu) (net 2) (tstamp 5BB37CFD))
  (via (at 136 95.2) (size 0.7) (drill 0.35) (layers F.Cu B.Cu) (net 2))
  (segment (start 136.375 103.2) (end 136.375 102.425) (width 0.5) (layer F.Cu) (net 3))
  (segment (start 136.375 102.425) (end 133.95 100) (width 0.5) (layer F.Cu) (net 3))
  (segment (start 136.15 102.975) (end 136.375 103.2) (width 0.5) (layer F.Cu) (net 3))
  (segment (start 141.2 104.53) (end 137.95 104.53) (width 0.5) (layer F.Cu) (net 3))
  (segment (start 137.95 104.53) (end 136.62 103.2) (width 0.5) (layer F.Cu) (net 3))
  (segment (start 136.62 103.2) (end 136.375 103.2) (width 0.5) (layer F.Cu) (net 3))
  (segment (start 141.47 104.8) (end 141.2 104.53) (width 0.3) (layer F.Cu) (net 3))
  (segment (start 145.0125 104.8) (end 141.47 104.8) (width 0.3) (layer F.Cu) (net 3))
  (segment (start 133.9875 100) (end 133.9875 98.5) (width 0.5) (layer F.Cu) (net 3))
  (segment (start 133.9875 98.5) (end 133.9875 97) (width 0.5) (layer F.Cu) (net 3))
  (segment (start 142.75 97) (end 142.75 99.12) (width 0.5) (layer F.Cu) (net 4))
  (segment (start 142.75 99.12) (end 141.2 100.67) (width 0.5) (layer F.Cu) (net 4))
  (segment (start 145.3 100.635) (end 141.235 100.635) (width 0.5) (layer F.Cu) (net 4))
  (segment (start 141.235 100.635) (end 141.2 100.67) (width 0.5) (layer F.Cu) (net 4))
  (segment (start 148.0125 104.8) (end 146.5875 104.8) (width 0.3) (layer F.Cu) (net 5))
  (segment (start 146.5875 104.225) (end 146.5875 104.8) (width 0.3) (layer F.Cu) (net 5))
  (segment (start 146.375 101.905) (end 146.5875 102.1175) (width 0.3) (layer F.Cu) (net 5))
  (segment (start 146.5875 102.1175) (end 146.5875 104.225) (width 0.3) (layer F.Cu) (net 5))
  (segment (start 145.3 101.905) (end 146.375 101.905) (width 0.3) (layer F.Cu) (net 5))

  (zone (net 4) (net_name /SW) (layer F.Cu) (tstamp 0) (hatch edge 0.508)
    (priority 1)
    (connect_pads yes (clearance 0.3))
    (min_thickness 0.3)
    (fill yes (arc_segments 16) (thermal_gap 0.508) (thermal_bridge_width 0.508))
    (polygon
      (pts
        (xy 144.9 100.3) (xy 146.1 100.3) (xy 146.1 101) (xy 144.9 101) (xy 144.1 101.8)
        (xy 138.4 101.8) (xy 138.4 99.5) (xy 140 99.5) (xy 141.4 98.1) (xy 141.4 95.8)
        (xy 144.1 95.8) (xy 144.1 99.5)
      )
    )
    (filled_polygon
      (pts
        (xy 142.24087 96) (xy 142.55913 96) (xy 142.679841 95.95) (xy 143.720159 95.95) (xy 143.84087 96)
        (xy 143.95 96) (xy 143.95 99.5) (xy 143.961418 99.557403) (xy 143.993934 99.606066) (xy 144.06949 99.681622)
        (xy 144.101109 99.840581) (xy 144.200568 99.989432) (xy 144.349419 100.088891) (xy 144.508378 100.12051) (xy 144.793934 100.406066)
        (xy 144.842597 100.438582) (xy 144.9 100.45) (xy 145.870052 100.45) (xy 145.95 100.529948) (xy 145.95 100.85)
        (xy 144.9 100.85) (xy 144.842597 100.861418) (xy 144.793934 100.893934) (xy 144.541684 101.146184) (xy 144.525 101.146184)
        (xy 144.349419 101.181109) (xy 144.200568 101.280568) (xy 144.101109 101.429419) (xy 144.066184 101.605) (xy 144.066184 101.621684)
        (xy 144.037868 101.65) (xy 138.55 101.65) (xy 138.55 99.65) (xy 140 99.65) (xy 140.057403 99.638582)
        (xy 140.106066 99.606066) (xy 141.506066 98.206066) (xy 141.538582 98.157403) (xy 141.55 98.1) (xy 141.55 95.95)
        (xy 142.120159 95.95)
      )
    )
  )
)
